11111000000000000000000000000000
00000000000000000000000000000000
00010000000000000000000000000000
00000000000000000000000000000000
00000000000000000000000000000000
00000000000100010000000000000000
00000000000000000000000000000000
00001000000000000000000000000000
00000000000000000000000000000000
00000000000000000100000000000000
00000000000000000000000000000000
00000000000000000000000000000000
00000000000000000000000000000000
00000000000000000000000000000000
00000000000000000000000000000000
00000000000000000000000000000000
00000000000000000000000000000000
00000000000000000000000000000000
