000000000000000000000000000000000000000000000000000000000000000000000000000000000000000000000000000000000
00000000000000000000000000000000000000000000000000000011111111000000000000000000000000000000000000000000000000000
000000000000000000000000000000000000000000000000000000111111110000000000000000000000000001111111100000000000000000000
000000000000000000000000000000000000000000000000000000111111110000000000000000000000000001111111100000000000000000000
000000000000000000000000000000000000000000000000000000000000000000000000000000000000000000000000000000000
000000000000000000000011110000000000000000000000000000000000000000000000000000000000000000000000000000000
000000000000000000000011110000000000000000000000000000000000000000000000000000000000000000000000000000000
000000000000000000000011110000000000000000000000000000000000000000000000000000000000000000000000000000000
00000000000000000000000000000000000000000000000000000000000000000000000011111111000000000000000000000000000000000
00000000000000000000000000000000000000000000000000000000000000000000000011111111000000000000000000000000000000000
000000000000000000000000000000000001111111100000000000000000000000000000000000001111111100000000000000000000000000000
00000000000000000000000000000000000111111110000000000000000000000000000000000000000000000000000000000000000000000
00000000000000000000000000000000000111111110000000000000000000000000000000000000000000000000000000000000000000000
000000000000000000000000000000000000000000000000000000000000000000000000000000000000000000000000000000000
000000000000000000000000000000000000000000000000000000000000000000000000000000000000000000000000000000000
00000000011111111000000000000000000000000000000000000000000000000000000000000000000000000000000000000000000000000
0000000001111111100000000000000000000000000000000011111111000000000000000000000000000000000000000000000000000000000000000
0000000001111111100000000000000000000000000000000011111111000000000000000000000000000000000000000000000000000000000000000
0000000001111111100000000000000000000000000000000011111111000000000000000000000000000000000000000000000000000000000000000
